slot fo fo_sd kf mlp
2 2.80362 1.43155 2.28703 1.89860
3 1.85179 1.00634 1.47165 1.04904
4 1.10040 0.34158 1.09455 0.87000
5 0.82687 0.22386 0.77393 0.73881
6 0.70978 0.26150 0.63519 0.72142
7 0.63464 0.24217 0.52246 0.67927
8 0.54550 0.22270 0.43814 0.65892
9 0.49609 0.20312 0.36352 0.65394
10 0.42079 0.17334 0.30637 0.64426
11 0.38536 0.15747 0.27570 0.64221
12 0.35877 0.14844 0.24442 0.61661
13 0.33549 0.14428 0.21975 0.60209
14 0.31665 0.14641 0.20514 0.58476
15 0.30047 0.13501 0.19173 0.55473
16 0.28172 0.12720 0.18134 0.51849
17 0.27063 0.12076 0.17177 0.48357
18 0.26306 0.11681 0.16521 0.45732
19 0.26043 0.11814 0.15911 0.42880
20 0.25389 0.11395 0.15087 0.41503
21 0.23947 0.10508 0.14220 0.37813
22 0.23196 0.10658 0.13258 0.34822
23 0.21928 0.10823 0.12353 0.33254
24 0.21280 0.11741 0.11342 0.31689
25 0.20117 0.12838 0.10926 0.29666
26 0.18543 0.09916 0.10244 0.27985
27 0.18688 0.11375 0.09923 0.28073
28 0.20280 0.11143 0.12985 0.28970
36 0.20118 0.10523 0.12749 0.32594
37 0.19291 0.11049 0.09413 0.21277
38 0.18073 0.11646 0.08189 0.18818
39 0.16391 0.09951 0.07546 0.16428
40 0.15422 0.10177 0.07412 0.14528
41 0.14467 0.09463 0.06908 0.14337
42 0.13634 0.07736 0.06781 0.13734
43 0.13410 0.08211 0.06590 0.13249
44 0.13084 0.07594 0.06540 0.12622
45 0.11964 0.06341 0.06290 0.12059
46 0.11019 0.05138 0.06082 0.11894
47 0.10696 0.04698 0.06281 0.12142
48 0.10302 0.04128 0.06013 0.12567
49 0.09789 0.04184 0.06008 0.11174
50 0.09736 0.04482 0.05769 0.12320
51 0.09288 0.04376 0.05769 0.12138
52 0.09129 0.04330 0.05722 0.10692
53 0.08904 0.04207 0.05663 0.10194
54 0.08782 0.04166 0.05211 0.09646
55 0.08592 0.03964 0.05073 0.10167
56 0.08267 0.04021 0.05195 0.09493
57 0.08078 0.03888 0.04940 0.09758
58 0.07845 0.03566 0.04916 0.10176
59 0.07601 0.03530 0.04767 0.09193
60 0.07785 0.03935 0.05119 0.09468
61 0.07608 0.03834 0.04857 0.09105
62 0.08690 0.04450 0.05232 0.11175
70 0.07577 0.03370 0.06580 0.11296
71 0.06947 0.02871 0.05061 0.10622
72 0.06566 0.02197 0.04646 0.08554
73 0.06492 0.02192 0.04609 0.08340
74 0.06371 0.02155 0.04406 0.08199
75 0.06492 0.02301 0.04429 0.08016
76 0.06410 0.02184 0.04533 0.08052
77 0.06394 0.02161 0.04293 0.08034
78 0.06342 0.02065 0.04365 0.08228
79 0.06188 0.02034 0.04368 0.08057
80 0.06114 0.02025 0.04439 0.07787
81 0.06068 0.01900 0.04261 0.08250
82 0.05945 0.01667 0.04326 0.07984
83 0.05961 0.01924 0.04347 0.07963
84 0.05823 0.01773 0.04347 0.08192
85 0.05659 0.01534 0.04132 0.07653
86 0.05685 0.01417 0.04133 0.08161
87 0.05535 0.01505 0.04105 0.07387
88 0.05580 0.01460 0.04161 0.07715
89 0.05331 0.01270 0.03997 0.07258
90 0.05309 0.01190 0.03968 0.07125
91 0.05329 0.01147 0.03974 0.06964
92 0.05343 0.01144 0.03866 0.07197
93 0.05220 0.01043 0.03909 0.06883
94 0.05203 0.01055 0.03869 0.07152
95 0.05327 0.00988 0.03924 0.07168
96 0.06058 0.02105 0.06075 0.09308
104 0.06640 0.01703 0.05973 0.09788
105 0.05367 0.01070 0.04359 0.07147
106 0.05140 0.00961 0.04108 0.06874
107 0.05151 0.01072 0.03788 0.06523
108 0.05068 0.01198 0.03820 0.06908
109 0.05064 0.01212 0.03783 0.06667
110 0.05133 0.01065 0.03759 0.06544
111 0.04992 0.01051 0.03685 0.06674
112 0.05083 0.01091 0.03699 0.06557
113 0.04915 0.01092 0.03743 0.06440
114 0.04947 0.00931 0.03719 0.06285
115 0.04913 0.00905 0.03748 0.06440
116 0.04906 0.00930 0.03659 0.06530
117 0.04950 0.00959 0.03699 0.06742
118 0.04963 0.01129 0.03703 0.06080
119 0.05004 0.01141 0.03679 0.06693
120 0.04949 0.01051 0.03635 0.06470
121 0.04801 0.00880 0.03563 0.06679
122 0.04782 0.00921 0.03655 0.06655
123 0.04854 0.00957 0.03582 0.06619
124 0.04818 0.00917 0.03692 0.06785
125 0.04995 0.00973 0.03691 0.06854
126 0.04871 0.01055 0.03652 0.06648
127 0.04750 0.01008 0.03604 0.06506
128 0.04692 0.00980 0.03644 0.06575
129 0.04795 0.01087 0.03642 0.06686
130 0.05251 0.01130 0.04764 0.08522
138 0.05862 0.02164 0.05600 0.09981
139 0.05110 0.01230 0.04227 0.07919
140 0.04880 0.01008 0.03713 0.06650
141 0.05085 0.01345 0.03609 0.06208
142 0.04957 0.01158 0.03641 0.06394
143 0.04827 0.01251 0.03610 0.05554
144 0.04777 0.01128 0.03505 0.05714
145 0.04709 0.01071 0.03579 0.05987
146 0.04728 0.01110 0.03482 0.05663
147 0.04663 0.01067 0.03429 0.05998
148 0.04629 0.01000 0.03534 0.06082
149 0.04673 0.01018 0.03368 0.05837
150 0.04564 0.01034 0.03390 0.05865
151 0.04551 0.00953 0.03384 0.05875
152 0.04606 0.00935 0.03501 0.05934
153 0.04654 0.00869 0.03394 0.06060
154 0.04704 0.00897 0.03445 0.05857
155 0.04772 0.01015 0.03450 0.05915
156 0.04703 0.01171 0.03511 0.06025
157 0.04838 0.01180 0.03566 0.05597
158 0.04811 0.01110 0.03384 0.05593
159 0.04857 0.01205 0.03472 0.05668
160 0.04919 0.01204 0.03466 0.05744
161 0.04911 0.01287 0.03374 0.05680
162 0.04786 0.01246 0.03489 0.06003
163 0.05127 0.01435 0.03696 0.05605
164 0.05226 0.01259 0.04067 0.07343
